world: megadrop_world
x: 34.2523767306493
y: 75.0
z: 49.18118944601081
yaw: -128.45749
pitch: 0.6189249
name: craftingi
lastowner: 902e97a0-ae88-460c-bc3f-4116f0264a6b
