world: megadrop_world
x: -97.95672473524567
y: 68.0
z: 36.86358709319116
yaw: 89.60153
pitch: 5.0622387
name: pvp
lastowner: 902e97a0-ae88-460c-bc3f-4116f0264a6b
