world: world
x: 66.4936500942957
y: 25.0
z: 1033.7335381573855
yaw: -48.641724
pitch: 41.3414
name: SWAGGER
