world: world
x: 68.51648763101548
y: 78.16467398846031
z: 765.3897615745992
yaw: -180.34465
pitch: 11.13253
name: TIMEHC
