spawns: 
  default: 
    world: world
    x: 0.5000599400082137
    y: 82.90197552463492
    z: 0.27111344042839525
    yaw: -179.39874
    pitch: 8.550019
  admin: 
    world: world
    x: 0.5003100543981418
    y: 82.999973888342
    z: -0.09950959648174693
    yaw: -179.69855
    pitch: 73.950005
  debil: 
    world: world
    x: 0.5003100543981418
    y: 82.999973888342
    z: -0.09950959648174693
    yaw: -179.69855
    pitch: 73.950005
  vip: 
    world: world
    x: 0.5000599400082137
    y: 82.90197552463492
    z: 0.27111344042839525
    yaw: -179.39874
    pitch: 8.550019
