world: megadrop_world
x: -28.326752618243358
y: 68.0
z: 0.6081680156644484
yaw: 91
pitch: 1
