timestamps:
  lastteleport: 1619682415579
  login: 1619681940628
  logout: 1619682432354
lastlocation:
  world: world
  x: -1045.4575994872846
  y: 71.02498150564368
  z: 558.2074436706314
  yaw: -31.19989
  pitch: 13.350006
godmode: false
lastAccountName: MyszoworPL
ipAddress: 31.6.160.191
logoutlocation:
  world: world
  x: -0.23639705146031398
  y: 75.0
  z: 1.5483708235484972
  yaw: -133.94861
  pitch: 15.15003
money: '0.0'
